block data:    e5  1d  29  63  b2  88  04  00  c8  35  00  20  00  00  00  14
block data:    0e  14  00  01  07  02  08  03  09  04  08  10  00  00  00  00
block data:    00  00  00  00  00  00  00  00  00  00  00  00  00  00  00  00
block data:    00  00  00  00  00  00  78  77  88  69  00  00  00  00  00  00
block data:    02  80  00  f5  2f  57  b9  7a  55  80  f3  d3  7b  01  01  42
block data:    00  00  00  10  27  10  27  05  61  4f  01  00  00  05  00  2f
block data:    44  c4  8a  de  12  00  00  00  00  00  00  64  00  00  00  a2
block data:    00  00  00  00  00  00  78  77  88  69  00  00  00  00  00  00
block data:    cc  01  00  00  33  fe  ff  ff  cc  01  00  00  00  ff  00  ff
block data:    cc  01  00  00  33  fe  ff  ff  cc  01  00  00  00  ff  00  ff
block data:    19  79  5b  a1  5b  30  e8  03  92  04  e8  01  ef  d8  4d  00
block data:    00  00  00  00  00  00  08  77  8f  69  00  00  00  00  00  00
block data:    82  0c  02  00  00  00  00  00  06  00  4e  4d  01  00  47  4d
block data:    82  e6  39  c3  5b  91  12  00  cc  01  21  67  15  64  02  00
block data:    83  d4  3b  c3  5b  20  00  00  cc  01  1f  51  60  30  60  00
block data:    00  00  00  00  00  00  78  77  88  69  00  00  00  00  00  00
block data:    81  3b  2b  c3  5b  00  0c  00  de  01  11  22  29  39  11  00
block data:    81  42  34  c3  5b  80  00  00  de  01  02  3a  03  62  02  00
block data:    82  e6  39  c3  5b  91  12  00  cc  01  02  67  15  64  02  00
block data:    00  00  00  00  00  00  78  77  88  69  00  00  00  00  00  00
block data:    83  d4  3b  c3  5b  20  00  00  cc  01  60  51  60  30  60  00
block data:    7f  fc  4c  c2  5b  91  0a  00  f0  01  02  3a  92  65  02  00
block data:    80  76  57  c2  5b  02  06  00  ea  01  11  22  7c  3d  11  00
block data:    00  00  00  00  00  00  78  77  88  69  00  00  00  00  00  00
block data:    00  0c  00  02  22  04  40  00  00  00  00  00  00  34  1c  40
block data:    00  02  00  22  22  04  40  00  00  00  00  00  00  32  1c  68
block data:    83  0c  03  00  00  00  00  00  06  00  4e  4d  01  1c  47  4d
block data:    00  00  00  00  00  00  78  77  88  69  00  00  00  00  00  00
block data:    4a  28  4d  00  00  00  00  00  00  00  00  1e  00  00  00  00
block data:    00  28  4d  00  67  00  00  00  00  e6  39  c3  5b  00  00  00
block data:    00  28  4d  01  3a  00  00  00  00  42  34  c3  5b  00  00  00
block data:    00  00  00  00  00  00  78  77  88  69  00  00  00  00  00  00
block data:    4a  28  4d  00  00  00  00  1e  00  00  00  00  00  00  00  00
block data:    00  28  4d  01  00  00  00  3b  2b  c3  5b  00  00  00  01  01
block data:    00  28  4d  01  00  00  00  76  57  c2  5b  00  00  00  01  01
block data:    00  00  00  00  00  00  78  77  88  69  00  00  00  00  00  00
block data:    00  00  00  00  00  00  00  00  00  00  00  00  00  00  00  00
block data:    00  00  00  00  00  00  00  00  00  00  00  00  00  00  00  00
block data:    00  00  00  00  00  00  00  00  00  00  00  00  00  00  00  00
block data:    00  00  00  00  00  00  78  77  88  69  00  00  00  00  00  00
block data:    00  00  00  00  00  00  00  00  00  00  00  00  00  00  00  00
block data:    00  00  00  00  00  00  00  00  00  00  00  00  00  00  00  00
block data:    00  00  00  00  00  00  00  00  00  00  00  00  00  00  00  00
block data:    00  00  00  00  00  00  78  77  88  69  00  00  00  00  00  00
block data:    00  00  00  00  00  00  00  00  00  00  00  00  00  00  00  00
block data:    00  00  00  8d  31  29  21  d4  68  a6  5b  00  00  10  00  00
block data:    00  00  00  8d  21  29  21  75  72  a6  5b  30  0e  10  00  00
block data:    00  00  00  00  00  00  78  77  88  69  00  00  00  00  00  00
block data:    00  00  00  00  00  00  00  00  00  00  00  00  00  00  00  00
block data:    00  00  00  01  0f  00  00  00  00  09  98  e3  5a  00  00  64
block data:    00  00  00  00  11  00  00  00  00  5e  9b  e3  5a  00  00  64
block data:    00  00  00  00  00  00  78  77  88  69  00  00  00  00  00  00
block data:    00  00  00  00  00  00  00  00  00  00  00  00  00  00  00  00
block data:    00  00  00  00  00  00  00  00  00  00  00  00  00  00  00  00
block data:    00  00  00  00  00  00  00  00  00  00  00  00  00  00  00  00
block data:    00  00  00  00  00  00  78  77  88  69  00  00  00  00  00  00
block data:    20  20  41  34  32  33  38  38  32  39  19  07  31  11  41  10
block data:    00  00  00  00  00  00  00  00  00  00  00  00  00  00  00  00
block data:    00  00  00  00  00  00  00  00  00  00  00  00  00  00  00  00
block data:    00  00  00  00  00  00  ff  07  80  69  ff  ff  ff  ff  ff  ff
block data:    05  80  75  bb  5d  00  00  00  00  00  00  00  64  00  00  00
block data:    00  00  00  00  00  00  00  00  00  00  00  00  00  00  00  00
block data:    00  00  00  00  00  00  00  00  00  00  00  49  4d  2d  00  00
block data:    00  00  00  00  00  00  78  77  88  69  00  00  00  00  00  00
